1.1610939880486633
0.353275411795752
0.3505013327326596
0.34970313334629566
0.348925073294518
0.34809362009580275
0.3471682877023569
0.34609470680753474
0.3447960721826196
0.34316340798567574
0.3410424767325826
0.3382163481324609
0.3343866017372588
0.32915883438491356
0.322058739265275
0.31261140335843124
0.3005935515173045
0.28652147822595886
0.27611744531190596
0.27611744531190596
0.27611744531190596
0.27611744531190596
0.27096872766419644
0.26745704942228377
0.26610073597688716
0.26610073597688716
0.2599558874570296
0.2565623396104297
0.2540404048413376
0.25227861365815724
0.2521196374096166
0.2521196374096166
0.24858428894891377
0.24661980471737477
0.2453591866225594
0.24492080227707153
0.24492080227707153
0.2422219452525476
0.24087612006127404
0.2398589404485815
0.23898161854237474
0.23826645576726382
0.23791835580184476
0.23791835580184476
0.23678224367701742
0.2360389442285107
0.23543770303446945
0.23495467593376307
0.23472161576060016
0.23472161576060016
0.2338248589470913
0.23327258563205672
0.23281490829980286
0.23240700016559115
0.23207084364780878
0.23193715564975276
0.23193715564975276
0.23131722984328645
0.2309116468074465
0.23058011835978262
0.23030816188979134
0.23015501226078952
0.23015501226078952
0.22964193345835968
0.22932385335374555
0.22905203586509362
0.22879599640798295
0.22855855337202605
0.22837251279055046
0.22836651516796527
0.22836651516796527
0.22798253341602653
0.22773181399027978
0.22755299387550393
0.22747410539092572
0.22747410539092572
0.22702668606470439
0.22679321100836916
0.22660207569263194
0.22641920962195575
0.2262381459739446
0.22606505336519767
0.22592748598026482
0.22592748598026482
0.22571326896803257
0.2255400943077814
0.22537606530876897
0.22521612250986575
0.22507009283548307
0.2249788511657191
0.2249788511657191
0.22475185482555998
0.2245815591437336
0.22442763418084685
0.2242856051618322
0.22417414677211372
0.22416789614105964
0.22416789614105964
0.22388302482039588
0.22369835768276133
