-3.149608807934686 -1.8093908252458766 0.6172661340613 -1.6308886387930404 6.5752792358991385 1.1804071486801624 0.11697643382377518 9.710635718416341 -1.3300527162622098 -0.13449365982190495 
4.9015944096713735 -0.8600316918596208 0.026882896368121068 2.3132410191990442 -10.939412130841772 -0.37171394571232264 0.10005584528918317 -16.60301296874509 1.8338329079732423 -0.0823595659149419 
8.01160174495725 2.7846650753832645 0.0735583410959674 6.4649209156759415 -16.30326953109963 -2.0740452164469176 0.13192413027748548 -26.27426984907526 7.225739070987673 -0.05563269895643485 

-1.2569591135707234 
2.9735601627646786 
-2.7839816157510624 
-0.7851469702998434 
-3.7250550557495727 
4.595676825917467 
-1.347696017847679 
-0.21921580413931818 
-4.1424821111152585 
1.9541105513494363 
0.2934339266575347 

