-1.625216311114576 3.756105993783424 8.597122249800345 0.06573590350419954 -5.635588742312383 -3.738705496641599 1.6621985970235 2.7326269112157404 0.44489961507913106 0.2964388891139071 
-1.4618923570784208 2.0807472053134792 -14.898144069530966 0.19342661669377162 9.443193549664647 5.942500732054514 -0.9242346494993973 -3.8748189529889636 0.7154590731545932 0.29403975094201684 
2.2862686175459013 -7.815378924935168 -25.197711932665573 -0.15669806386879184 14.240632988130502 7.860969175409071 -0.6952907086292589 -4.387059660210442 -1.2778824764171433 -0.2558847152284512 

-1.8986189938360163 
1.4266441127958436 
4.116839939203112 
-3.4411722058898153 
-0.26824803701255867 
-4.448862303569502 
3.4539809887286554 
-1.4328078596995808 
1.8807251916526888 
0.5821231719179989 
-0.7188931616107062 

