-9.8753099388616 1.7875288896108952 -4.018757848287952 -0.17382803320512805 1.701767321283119 -6.305729580185575 -2.7210228760295254 -4.517124841380812 -0.23493426982830362 -2.6977971605355453 
16.799273721446053 -0.8451258595726058 6.143307470799612 -0.05142831133313521 -0.8048635989420189 10.315736054957927 -2.6115668695338656 -2.1025164644483065 -0.1473545986128286 3.4030537557955207 
28.24266409063662 -1.005889264267597 8.529738708210399 -0.09508533329564271 -0.9671619336912118 15.460070089057213 2.642169363778177 9.167221323016099 -0.21840578962893892 4.393786460047013 

-1.97449652185618 
3.7142811502791817 
-1.1929705217053364 
3.76107440881742 
0.21552808834179807 
-1.0300351061643458 
-4.971610228884467 
1.441193637142328 
-4.816733847686682 
0.46012354007754536 
-2.3512071198640254 

