2 0.31385410 -0.31501290
9 0.22212692 -0.08850114
0 0.14344424 -0.14372505
0 0.22127090 -0.07138314
0 0.15585006 -0.08872764
6 -0.06349542 -0.50949874
7 0.81139925 -0.31205830
8 0.01661007 0.26104491
1 0.59721000 0.05494682
3 0.31293688 -0.28789282
5 0.69036790 -0.26774579
6 0.47491216 -0.26763911
1 0.86490122 -0.16670806
3 0.18879728 -0.18516999
9 0.12315406 -0.24339993
0 0.28161402 -0.13720079
2 0.53681077 -0.40799773
2 0.40310222 -0.43734935
0 0.11838398 -0.39664786
7 0.57136023 -0.31542253
7 0.61111637 -0.36864878
0 -0.18429398 -0.27476753
5 -0.09228339 -0.47405128
9 0.54468335 -0.14039693
0 0.14401137 -0.40872427
0 -0.08195998 -0.13170217
0 0.09875761 0.13371256
9 0.40664477 -0.20193481
1 0.87618455 -0.21314939
8 0.40445844 0.01213405
3 0.43356232 -0.24125144
1 0.76569223 -0.11506628
8 0.60576558 -0.18231284
2 0.59715636 -0.30337696
6 0.65126167 -0.31067260
1 0.72730325 -0.04768546
1 0.82089211 -0.12761199
6 0.12771525 -0.25297106
2 0.51309926 -0.45949530
0 0.27871709 -0.27158161
0 0.13850712 -0.06526183
6 0.61410940 -0.31437928
8 0.41479291 -0.08708149
9 0.69381321 -0.21651106
7 0.69882112 -0.30216838
7 0.37437863 -0.54004695
8 0.20909042 -0.06272141
5 0.25146197 -0.10872737
9 0.37109694 -0.38447029
8 -0.26548935 0.25705970
1 0.85793347 -0.18630405
5 0.47941418 -0.36133219
1 0.39455046 0.29173651
5 0.05283500 -0.13331531
4 0.63662234 -0.32481125
2 0.58729577 -0.40587079
6 0.10305385 0.07078564
2 0.21892363 -0.32222497
1 0.71476739 -0.03367553
1 0.87399814 -0.19813858
8 0.14703826 0.08184477
1 0.77720335 -0.11576165
6 -0.04888417 -0.40868464
4 0.29023545 -0.34260147
0 -0.04337643 -0.38868002
7 0.77303722 -0.38569652
2 0.27687787 -0.43509115
0 -0.76127038 -0.01155515
6 0.34153605 -0.39497847
6 0.25045367 -0.35096225
7 0.50770277 -0.33190050
1 0.75668641 -0.06508052
5 0.08339335 -0.61884700
9 0.58866332 -0.17831332
7 0.44123612 -0.28856834
9 0.72839053 -0.31718691
1 0.33725432 0.23679930
3 0.65452810 -0.24088300
9 0.73681292 -0.28007297
7 -0.02872306 -0.42025275
1 0.62780698 -0.02881624
1 0.58807224 0.10001364
2 0.86018373 -0.37217605
7 0.63294287 -0.25957867
3 0.16265294 -0.27900295
6 0.40893028 -0.37263089
0 0.12131593 -0.12263649
7 0.51131108 -0.42598824
9 0.55173087 -0.29036205
7 0.39771006 -0.15379775
6 0.64014256 -0.22961813
0 0.43070476 -0.11622791
8 0.20531654 -0.08888252
0 0.14225315 -0.28921489
1 0.75926308 -0.06397196
9 0.66997704 -0.30617328
3 0.06689993 0.07955898
3 0.30596549 -0.12315093
2 0.42910728 -0.43241792
8 0.30793751 0.02508158
5 0.20956935 -0.37470506
2 0.06323179 -0.46844497
7 0.68098343 -0.29627856
2 -0.03756914 -0.42919063
8 0.37815558 -0.07657652
9 0.39168760 0.04111321
0 -0.18283588 0.44834306
1 0.83231747 -0.09896529
4 0.45630880 -0.19868539
3 0.21109022 -0.14726948
0 0.11937657 -0.55705199
2 0.41391345 -0.56477627
1 0.68062079 -0.02379051
5 0.48183074 -0.48446445
7 0.56021212 -0.24834267
2 0.17751054 -0.58499448
4 0.23916253 -0.25711325
4 0.48614840 -0.49343055
1 0.87122931 -0.20268435
6 0.54143004 -0.30324650
5 0.47749393 -0.27283682
1 0.86194445 -0.16489680
3 0.45584849 -0.28129210
6 0.56701670 -0.26156248
8 -0.29681032 0.11652185
8 0.28736509 -0.18292058
1 0.80089235 -0.12997070
7 0.84955246 -0.33943924
0 -0.09554983 -0.39182030
2 0.51690748 -0.24140689
2 0.18845404 -0.25981868
7 0.57219219 -0.22067943
2 0.42298378 -0.47955719
0 0.15072259 -0.23511279
6 0.69224837 -0.26927382
3 0.26796386 -0.39995484
4 0.38115756 -0.39144991
0 -0.45152580 0.04014748
1 0.63411633 0.01377186
6 0.20878621 -0.16116696
2 0.82401321 -0.46202180
3 0.77165584 -0.33572865
0 0.19358248 -0.08130158
7 0.81585817 -0.32974628
3 0.34798301 -0.17580918
8 0.46118694 -0.12649916
0 0.22177002 -0.20580960
4 0.58223860 -0.44974053
9 0.69947411 -0.23908406
3 0.14422198 -0.44962320
6 0.65227977 -0.34394069
5 0.21481388 -0.30957801
2 0.00039803 -0.55155083
0 -0.03521049 -0.24745723
1 0.64317409 0.02340810
9 0.38170116 -0.33021716
4 0.46137140 -0.36222922
8 0.35217284 -0.06170050
6 0.58636596 -0.20975987
4 0.28706251 -0.27719385
1 0.64307733 0.01249784
0 0.18598214 0.12182382
1 0.81794521 -0.12350789
6 0.54763307 -0.21152337
4 0.71050588 -0.32712874
1 0.52883199 0.15166321
1 0.71185007 -0.04917314
2 0.48738120 -0.40022515
6 0.13791400 -0.23299521
3 0.70026883 -0.42952813
9 0.56392841 -0.30542561
2 0.31584261 -0.56537629
3 0.46263138 -0.30310936
1 0.85519419 -0.15307900
2 0.23647840 -0.39405150
4 0.54404060 -0.18016436
1 0.85298398 -0.18889510
9 0.49960143 -0.08880411
1 0.69129360 -0.02172425
2 0.36661775 -0.45858781
4 0.63250082 -0.23329574
2 0.10086346 -0.19720238
4 0.44673841 -0.31055334
2 0.57956842 -0.43754067
3 0.28789850 -0.19933702
0 -0.10725245 -0.36504390
4 0.56215243 -0.38577832
3 0.30970494 -0.34532732
4 0.39794307 -0.34473383
5 0.07303313 -0.41226928
8 0.34107741 -0.06433480
6 0.61359437 -0.23092632
6 0.47369401 -0.31524252
0 0.16111374 -0.15921958
3 0.51485841 -0.22922386
3 0.46847257 -0.17253817
7 0.25431823 -0.03796090
5 0.31732610 -0.58481463
1 0.58807460 0.10747939
9 0.48863019 -0.23055560
5 0.06356544 -0.38841322
2 0.55195129 -0.47149321
4 0.62238164 -0.36627938
3 -0.18709894 -0.20971377
9 0.48164603 -0.35759819
5 0.35085639 -0.46305234
0 0.27455251 -0.02687039
9 0.60078793 -0.30603127
3 0.49025716 -0.32971865
1 0.78293587 -0.16966011
6 0.46415428 -0.11600281
5 0.63027439 -0.19501891
6 0.63149887 -0.30347709
8 0.27935790 -0.02743634
7 0.53708514 -0.28687786
2 -0.13232426 -0.43227088
0 0.37544485 -0.20466139
6 0.47379804 -0.28841207
3 0.20603653 -0.33907254
4 0.28157546 -0.23160288
2 0.51492609 -0.52604697
5 0.31281022 -0.27229373
4 0.52492788 -0.23810199
4 0.34073695 -0.31925207
6 0.37985296 -0.37122419
2 0.42699336 -0.25985459
9 0.52928563 -0.30209266
7 0.54881570 -0.21929168
5 -0.12098035 -0.50353041
0 0.33369689 -0.20844084
2 0.42238822 -0.48723402
0 0.10086051 0.05228107
9 0.61941087 -0.28056992
0 -0.21140072 -0.43830386
3 0.40024456 -0.30930284
4 0.59862487 -0.33400806
1 0.75404328 -0.06783878
4 0.56054583 -0.26881850
8 0.04419828 -0.14034378
5 0.31377878 -0.23479892
2 0.21557751 -0.39813191
0 -0.01167345 -0.34345079
6 0.54485884 -0.24198510
1 0.67811743 -0.03162946
6 0.23405566 -0.42959536
7 0.74091837 -0.31203241
9 0.44498448 -0.19323606
9 0.58529412 -0.22135783
0 0.29276837 -0.42264131
1 0.74149436 -0.07190116
8 0.46143282 -0.26536224
6 0.26221960 -0.39351604
6 0.49145829 -0.24560772
1 0.73196135 -0.07301897
1 0.66635229 -0.00766215
0 0.23886657 -0.24495026
6 0.55707336 -0.26269598
6 0.37390949 -0.17780750
0 -0.13648788 -0.14912551
6 0.15961411 -0.51299782
8 0.15994739 -0.12877191
8 0.16364694 0.25012283
0 0.02516585 -0.29000510
2 0.52057230 -0.32928367
6 0.32791730 -0.48307578
9 0.69985959 -0.33065137
8 0.67411621 -0.25419633
1 0.82002341 -0.11810844
6 0.30472906 -0.14113051
7 0.65314887 -0.29837294
8 0.34074509 -0.06442319
7 0.29452627 -0.28082518
5 0.41186959 -0.41483514
8 0.27788837 0.03959889
6 0.21609245 -0.21852819
1 0.70904681 -0.08304421
9 0.38911669 -0.08650224
5 0.35622020 -0.31244564
7 0.40493588 -0.40806057
9 0.31579230 0.09045089
8 0.59462204 -0.14273263
0 0.36110077 -0.26200387
1 0.73960683 -0.06583686
0 0.04401119 -0.29388191
3 0.22701147 -0.40675173
6 0.76376602 -0.34570014
3 0.32388540 -0.36060373
1 0.86246812 -0.17705968
0 -0.22210359 -0.17604627
0 -0.04105999 -0.38996496
9 0.69120760 -0.22955985
9 0.55690342 -0.30350821
7 0.62448991 -0.32025771
3 -0.16231697 0.04685123
0 0.26939393 -0.40989538
3 0.10161108 -0.11294779
2 0.37206573 -0.28057167
4 0.62021279 -0.53285156
6 0.36541725 -0.33662505
8 0.42459373 -0.17863320
