8 0.05402631 -0.11474900
4 0.61163892 -0.18134765
3 0.52809699 -0.21628263
0 -0.03615881 -0.20691391
7 0.07115336 0.09466107
9 0.63061474 -0.06804304
8 0.41691953 -0.02550386
1 0.77746118 0.01548048
3 0.40649847 -0.11309756
4 0.23916253 -0.16807588
1 0.64206871 0.10007485
1 0.77539711 -0.02383768
8 0.49718633 -0.05661475
1 0.84903846 -0.02716254
0 -0.01815735 -0.42486594
2 0.52975642 -0.33834379
2 0.48498832 -0.24809128
6 0.40893028 -0.28799000
5 0.23297339 -0.36821222
4 0.20472556 -0.28619668
4 0.58865329 -0.03217506
0 0.16570213 -0.29074306
3 0.46567741 -0.18120791
4 0.26204152 -0.24859410
9 0.42452168 -0.30008188
0 -0.08924121 -0.10030178
7 0.44123932 -0.26487602
1 0.66319472 0.09550455
0 -0.14045909 0.44389426
2 0.32052765 -0.37232873
3 0.16265294 -0.19059146
1 0.69129360 0.06818919
7 0.70742803 -0.27894639
3 0.49919431 -0.12865801
2 0.33792632 -0.21547263
8 0.42264006 -0.09928586
0 -0.12989960 -0.18011817
7 0.43492028 -0.28360071
3 0.50839435 -0.06705065
2 0.02673962 -0.23172271
3 0.41404347 -0.16711322
8 0.35153828 0.04038976
0 -0.05182505 -0.37355743
2 0.11056641 -0.22512941
4 0.26417731 -0.38798650
0 0.10074734 0.11869240
7 0.82228592 -0.23432411
4 0.21117174 -0.20371968
5 0.56552192 -0.08794469
9 0.28244925 0.11131047
8 -0.42138724 -0.76418671
9 0.57517664 -0.30099081
8 0.27181185 -0.00576225
8 0.62354952 -0.12417842
0 0.07244311 -0.55798173
7 0.67194094 -0.23466843
3 0.29273204 -0.33340563
1 0.59556586 0.18349539
1 0.69828642 0.06218077
2 0.30341409 -0.34106350
5 0.42857450 -0.26425769
3 0.06683004 -0.52146513
1 0.81231397 -0.06910408
9 0.64325666 -0.20158890
0 0.24942988 -0.29029580
4 0.32410975 -0.39529964
8 0.15911532 0.13178049
6 0.34932091 -0.27696892
4 0.62672410 -0.22509557
4 0.71871360 -0.25360959
4 0.62194859 -0.08405379
9 0.17588958 0.04234457
4 0.38094534 -0.16431856
0 -0.17133671 -0.23632495
8 0.20015538 0.07274870
2 0.31812263 -0.31509797
5 0.19044266 -0.04702505
0 -0.03312989 -0.46753705
8 0.07312677 0.02204434
6 0.31480298 -0.13425001
8 0.37484789 -0.29611849
7 0.60447496 -0.18026681
5 0.25466466 -0.17644268
6 0.55692753 -0.24429577
4 0.77312721 -0.19862476
6 -0.04888417 -0.32597789
8 0.28313341 -0.23912218
0 0.03807985 -0.02003080
3 0.32615393 -0.28959953
9 0.33949111 -0.01753812
7 0.22603719 -0.34757323
9 0.53919894 -0.10757540
6 0.35969978 -0.31962201
0 0.30864855 -0.29515261
0 0.07879118 -0.21031712
0 0.05607352 -0.23133818
0 0.38442804 0.05519250
1 0.78374081 -0.01184378
7 0.59187487 -0.16400442
0 0.30214920 -0.25547250
4 0.23972432 -0.24655857
4 0.63954440 -0.18025779
7 0.40846658 -0.15390882
6 0.40706893 -0.15270112
0 -0.21088044 -0.18099577
4 0.58132243 -0.40856877
0 -0.11908512 -0.41092758
5 0.42223781 -0.33413891
7 0.44877678 -0.15674871
3 0.30855644 -0.01846369
4 0.42592895 -0.11257150
5 0.42125252 -0.17339255
0 0.02845651 -0.14926586
5 0.42668305 -0.21716322
3 0.63133989 -0.24907780
4 0.60034226 -0.21273867
4 0.27136120 0.04330605
2 0.22105496 -0.10756795
2 0.12962152 -0.09469733
1 0.59502229 0.15379932
5 0.24652703 -0.14765109
4 0.31463892 -0.33396818
0 0.29173124 -0.07498953
3 0.17651524 0.01770148
0 0.48909904 -0.16085670
5 0.25824598 -0.06523968
0 0.32452251 -0.12307729
4 0.60736243 -0.24275949
5 0.48606303 -0.11966828
1 0.75301895 -0.00680133
9 0.54604236 -0.13388875
5 0.39394506 -0.31872434
9 0.52362101 -0.03856662
8 0.50993462 -0.08972259
3 0.17233526 -0.07126500
0 0.14142076 -0.22453153
0 0.34694959 -0.22389183
3 0.46393224 -0.18841852
7 0.57492128 -0.24952801
1 0.71120239 0.04788398
5 0.38062673 -0.20509024
7 0.54504342 -0.21554213
5 -0.20282417 -0.43588561
1 0.84634121 -0.05019584
5 0.15218241 -0.31696542
8 0.39449196 -0.13926476
9 0.29643944 -0.10223806
8 0.19303689 0.03499818
2 0.23630628 -0.00846871
8 0.63620030 -0.19029808
0 0.30754835 -0.11033248
7 0.43835750 -0.27106038
8 -0.03725919 0.07618727
4 0.75979648 -0.27129801
7 0.53312855 -0.20941099
2 0.58452740 -0.43925351
6 0.53235279 -0.22759286
0 -0.08438967 0.13759880
2 0.33644463 -0.27464818
2 0.44990138 -0.21046061
0 -0.46503919 -0.37260766
4 0.63250082 -0.14368545
3 0.26994530 -0.16040426
0 0.60827707 -0.21423472
3 0.34914765 -0.16140247
0 0.05542627 -0.13700018
3 0.55691416 -0.10863160
9 0.38134993 -0.25935007
4 0.55738268 -0.22516233
5 0.15076060 -0.01243963
1 0.53107228 0.16455565
0 -0.27009248 -0.16409404
0 0.34935159 -0.22753895
6 0.52465661 -0.11109724
9 0.75817326 -0.22594552
7 0.54297486 -0.28204625
1 0.61361785 0.10593002
1 0.76748314 0.00398344
2 0.20967945 -0.28076591
3 0.16016340 -0.05094714
1 0.57418437 0.22233389
2 0.33802469 -0.01348928
3 0.06763818 -0.30067699
5 0.06831207 -0.17413130
4 0.60130465 -0.19393466
2 0.46413711 -0.04180491
6 0.34018959 -0.11750736
0 0.56214036 -0.25013017
1 0.77692907 -0.00276854
9 0.61103752 -0.22752221
6 0.71150752 -0.22844492
4 0.48179082 -0.24533473
6 0.28231160 -0.31827379
2 0.53505261 -0.26937276
2 0.26910030 -0.11382241
0 0.26337484 -0.18970779
3 0.45838566 -0.19106484
9 0.39943359 -0.13685935
1 0.82639298 -0.09040828
9 0.76958212 -0.24332817
3 0.10415029 -0.36192899
8 -0.23266493 0.13661410
0 0.26431040 -0.10141654
3 0.11531078 -0.12083468
0 0.45437682 -0.18887001
6 0.53285137 -0.20646582
0 -0.35391448 0.21080961
0 -0.05095811 -0.04169969
9 0.35347384 -0.19540200
5 0.57187632 -0.43831679
5 -0.07808966 0.17481599
8 0.61047436 -0.16059925
2 0.26369955 -0.33352151
9 0.53802377 -0.21753015
2 0.23978526 -0.15025071
9 0.33850242 -0.17057936
1 0.83832506 -0.08843291
0 0.40656522 -0.15102313
7 0.59762217 -0.24813906
3 0.45981681 -0.25485966
0 -0.00351187 -0.10089714
1 0.79189201 -0.09224529
7 0.79029355 -0.26920422
0 -0.04067184 -0.14702450
2 0.31389439 -0.35118487
2 0.34358135 -0.32759995
5 0.63027439 -0.10472135
9 0.54917278 -0.14936484
1 0.43481094 0.33153928
6 0.17513596 -0.42510136
7 0.77775613 -0.20606856
4 0.45122742 -0.22413669
9 0.44167077 -0.25061319
2 0.31425533 -0.23244760
3 0.13294229 -0.13498323
7 0.27696893 -0.41153612
5 0.42402260 -0.08056008
1 0.86950495 -0.09911666
1 0.41505276 0.18639748
9 0.42364626 -0.12406590
0 0.20152187 -0.21271024
6 0.14424461 -0.03941332
3 0.51255985 -0.22778906
0 0.07825253 0.03782928
7 0.64725618 -0.18448121
6 0.71601019 -0.20385741
0 0.50848606 -0.14823778
0 0.22720338 0.14146537
7 0.22085056 -0.25320433
5 0.05349735 -0.17409162
4 0.41317812 -0.05597783
3 -0.28859273 0.17936126
9 0.66978495 -0.18675053
7 -0.07256416 0.19401206
2 0.56759981 -0.12338538
6 0.48290190 -0.09417707
0 0.24655639 -0.32700244
3 0.51020782 -0.18653542
6 -0.11545002 -0.53693926
9 0.20347498 0.08847056
8 0.26806656 0.07480409
1 0.52731007 0.04186652
4 0.37672262 -0.32970115
2 0.25829061 -0.22067173
6 0.31796003 -0.48473108
4 0.77441497 -0.20576500
2 0.20610391 -0.36308169
8 0.37634375 -0.03064022
5 0.09167346 -0.04471244
6 0.42050780 -0.08379964
0 0.14828094 -0.14386940
8 0.43812591 -0.03831995
4 0.33698300 -0.21060891
0 -0.00799512 -0.04856976
6 0.37106609 -0.11076120
0 0.37613823 -0.15624091
6 0.42764898 -0.25141879
4 0.56061411 -0.14127776
5 0.22063338 0.01441875
6 0.46727121 -0.18135009
0 0.17002423 -0.12643585
4 0.70870355 -0.18027120
1 0.85668026 -0.07726274
6 0.15438146 -0.30109845
1 0.71842315 0.04723395
3 0.28873891 -0.33034124
5 0.20880673 -0.38379155
0 0.17530677 -0.27627506
8 0.34626780 0.01319410
2 0.42633830 -0.58021220
7 0.31141623 -0.29806878
4 0.46232312 -0.06564546
8 0.48207070 -0.00905417
0 0.01802123 -0.36309988
4 0.37138448 -0.20402179
4 0.53980617 -0.41944804
2 0.39439905 -0.25673963
1 0.85833752 -0.06919648
5 0.58461861 -0.32782258
0 0.19347347 0.07884422
